1634
1315
526
1377
1900
275
1926
1569
1309
691
1636
331
637
1698
1682
1604
879
1319
1173
1485
1089
156
1396
1054
1161
1955
848
1061
21
314
417
1382
127
1287
985
1795
265
1540
533
1751
941
1829
1253
1058
607
1918
1561
77
737
1818
868
648
1654
1837
166
1609
521
1767
281
811
1257
1857
858
1634
1860
631
288
199
1089
1411
872
1569
430
1225
1967
546
695
439
516
783
711
1263
1660
1626
56
1716
366
991
1864
93
1825
1458
416
1459
1421
63
503
1562
622
393
1145
599
1233
588
416
1570
1492
1264
97
1599
760
676
1368
186
1042
472
221
1550
1008
1930
860
1658
1380
602
402
1068
296
1908
752
13
397
784
696
1882
724
1016
1495
1506
1395
858
1971
1710
1913
1967
1248
725
662
954
1929
1889
754
750
990
558
557
1772
87
1866
258
769
1627
160
84
1584
1807
1103
358
243
386
1462
1003
1572
1428
959
696
320
1140
882
206
502
156
819
1429
776
295
1489
239
662
819
1533
1854
210
243
1656
1736
1980
392
547
734
1268
846
813
393
776
1515
449
1545
379
1329
1979
1146
1886
254
427
595
387
1685
431
380
311
412
1634
1404
1152
917
854
1148
1060
738
989
1598
437
700
1408
1270
323
1432
1356
1212
956
709
1658
1383
1144
1480
1507
1880
1455
1727
1049
211
728
1630
1773
706
1372
1644
1914
642
1127
403
66
683
1673
944
1445
281
1418
371
1274
497
1615
488
1199
1536
1543
670
765
1639
1872
1370
1646
1207
1891
1720
1890
1974
1509
873
1409
896
351
18
175
615
63
846
116
1964
1202
458
258
376
1898
926
824
1658
1396
1317
1721
278
1706
1323
1050
1724
1339
633
246
133
1627
1338
784
1385
1016
731
97
1146
281
655
1219
1806
380
264
1592
1087
489
1401
1042
758
747
606
33
1018
1981
1381
911
307
1760
1431
315
1113
100
1591
1507
1138
116
1664
1353
23
647
1643
594
157
1598
1385
1420
115
773
1956
1508
1146
1940
844
1380
1074
1853
1947
369
1565
515
891
1778
915
242
1525
781
704
1683
661
1759
619
851
1259
1014
824
972
469
1258
767
382
1685
450
698
1213
1349
1907
559
431
1092
758
671
362
1561
739
1702
1904
1284
157
1646
805
1275
508
1198
1366
782
1837
742
1983
1864
578
1796
1554
412
692
925
179
70
1621
373
710
680
1516
1845
1055
15
794
459
484
1395
13
163
73
1353
635
688
1847
422
53
1116
1508
17
817
451
248
747
265
1608
1849
722
1539
1465
1373
489
743
1503
1468
1343
1594
931
662
1208
210
1883
94
1349
1222
1844
1805
1360
715
1514
1310
847
905
1966
1375
1479
1406
1146
167
503
950
437
1463
297
395
1004
143
164
1397
1646
252
269
1840
1526
227
83
783
715
1897
1221
623
660
150
1230
1833
988
1171
782
1565
1126
1048
423
1286
1244
931
518
1438
1730
483
1308
511
1730
926
211
971
439
309
1242
119
742
1921
367
48
1464
1946
1256
1890
1883
520
1788
1328
1130
459
1025
304
1988
1824
1496
72
1918
292
85
762
1954
1459
1465
1423
556
1027
399
1994
290
1707
1741
1502
1935
1275
605
385
1684
611
77
395
95
1952
1427
1311
1506
481
381
48
827
1836
235
766
703
1585
1160
802
375
1837
1372
967
586
408
495
1508
1895
430
578
1887
217
1146
1650
1992
756
672
149
805
1840
1294
1394
912
839
1802
1558
21
585
1015
424
1175
552
1383
1935
1855
1774
1028
1666
1330
1052
1665
30
116
1907
565
1022
1635
948
891
840
1198
1275
1993
1371
1343
1
321
932
933
954
584
68
564
1233
924
1925
1967
1266
801
837
1008
1807
1433
1416
1763
1936
1718
93
1037
692
761
4
1666
1959
145
1493
1968
1202
1639
767
1265
110
1808
495
581
1221
1627
341
920
108
1916
444
1521
534
832
16
450
167
1015
437
1399
1523
493
1799
188
1530
745
1024
524
1124
872
1949
617
775
1513
1104
832
401
740
1079
326
1957
1443
1457
1919
1995
225
1370
1621
1000
187
1857
269
180
721
897
595
1923
1758
688
1559
1012
357
866
1554
1179
1400
389
1285
1103
1931
966
1265
445
1539
302
996
81
1454
352
787
1460
1077
1061
1260
1785
250
1394
1595
861
245
1597
840
1103
563
110
1316
1139
304
699
1295
1763
814
515
1510
186
1738
1445
978
1388
221
1927
130
910
468
531
560
625
834
1679
976
699
1976
1677
1976
1368
910
1098
1019
1292
362
86
815
1436
1223
194
51
952
1677
516
1490
526
1759
114
60
1004
1554
1138
662
1813
873
1029
603
1570
1283
1276
1379
1628
1919
1330
516
901
614
641
812
1904
1275
563
1002
1113
398
1883
615
1288
162
1435
555
378
1236
431
594
325
801
845
393
1841
866
1467
1793
73
763
1849
1944
11
1557
1552
1114
364
200
1793
907
302
1410
1928
115
1415
431
862
730
334
1262
1193
1134
46
1047
1172
1766
1543
1933
191
1006
841
1761
619
345
1056
1951
397
388
1140
1871
821
601
468
483
1812
1679
203
1310
324
1594
1310
185
645
340
1756
1458
1391
914
144
1815
1524
1551
1114
402
119
435
316
1581
1212
736
996
1719
1506
819
1248
107
1661
1335
483
1463
983
1395
1700
1831
102
1218
169
107
1941
118
1638
1942
668
1494
607
403
1498
1403
1904
687
1706
232
1038
628
505
1109
1542
1560
57
988
1152
90
105
1467
1194
218
221
1348
141
607
1979
1362
264
1264
1569
775
452
1026
488
1587
732
1013
1226
1777
550
1041
1021
1659
1399
1507
476
1929
988
1341
729
1803
1232
210
1152
1876
1299
681
516
642
28
969
1801
1327
219
389
1376
144
1716
360
1865
1933
1201
567
1003
1896
311
514
1481
343
1960
1549
395
794
1295
112
91
1303
1794
1647
1107
1733
1747
460
1972
1185
563
239
123
1289
1545
1867
1143
1522
277
98
263
477
992
1452
770
1420
1200
621
1515
1708
1760
1774
635
574
586
1746
1126
444
1182
617
964
265
4
98
419
794
954
291
480
618
948
1397
378
271
929
1145
564
1669
985
1475
1685
953
942
220
1312
1683
515
1233
1338
1284
566
745
667
834
343
1975
1954
604
1184
81
1411
263
581
1672
130
1061
1116
1139
34
420
566
649
368
552
576
1519
360
1895
476
1638
1837
686
1691
431
140
68
1873
977
358
291
1630
664
1672
999
1650
503
987
1839
1810
787
1482
233
1894
1512
31
981
1927
799
1350
938
1327
466
1606
474
183
208
669
152
1702
487
832
115
1055
355
649
1730
810
1739
10
1094
1692
842
765
1590
1261
575
1539
378
1964
363
1329
900
1781
431
649
245
523
129
1071
1635
542
620
1974
1379
127
769
1872
895
1437
1365
1928
169
379
1638
1492
431
867
1244
791
1680
284
1868
1267
89
910
326
801
1368
1037
1612
661
133
1947
402
1957
89
1636
1579
1388
412
1850
1307
1443
1885
450
310
1743
874
1597
1095
1177
581
844
1523
1949
536
23
574
942
323
505
1191
171
296
1894
1840
1489
512
172
1240
1560
697
398
1560
1315
217
1022
1952
1219
54
878
1306
1080
265
4
355
1103
507
1834
1358
1606
1198
1701
391
1271
83
588
1721
2000
269
713
792
204
433
657
786
1497
1585
239
745
799
632
250
329
441
829
87
861
1322
1884
492
708
805
458
1349
1408
1031
771
30
1272
384
1374
314
731
1438
1813
1354
1746
1698
1415
743
1872
936
299
1250
134
1635
528
1717
1427
1718
1973
1888
1301
370
1913
554
690
37
792
568
6
1716
777
1136
783
739
1426
1109
290
224
1714
1585
1589
1879
242
659
1340
558
255
1160
734
1322
1535
1491
1955
717
665
1405
688
1575
1494
1580
1848
1460
678
1988
1237
855
674
1264
489
916
1268
1673
1125
1760
1438
1600
536
1978
1931
1101
1597
1541
1245
1621
127
1120
663
985
923
1840
1920
645
1943
262
318
1374
100
1760
1061
60
448
1831
271
746
1723
1787
1053
159
137
623
647
1956
1946
456
67
1039
298
1779
1594
1130
1828
1992
862
412
1390
53
133
737
1830
1516
1446
1994
1110
95
1230
233
1386
989
1660
253
1972
1947
125
1387
313
565
1229
1269
1380
1765
113
1753
107
1109
1148
426
1928
93
1326
1548
1429
1799
1610
530
381
1962
1341
1747
1661
756
764
1758
394
154
1467
232
1
551
572
705
1099
985
1271
1706
515
562
830
315
136
1465
1295
1861
263
1859
865
1048
1643
307
618
1145
445
522
1462
1389
9
1473
254
142
884
360
1860
1168
1344
591
532
1516
923
1135
275
1796
1300
1854
1304
536
612
1179
789
442
626
1392
1687
1341
804
1542
1835
886
1837
769
731
709
1256
834
1762
1281
1534
1273
436
249
575
618
1208
945
1566
1342
1632
293
1990
264
725
1676
663
358
1655
314
313
1785
488
755
57
1331
464
494
1672
869
1089
1588
460
426
12
907
716
762
829
1892
1648
18
1484
679
1611
1352
1429
1162
776
52
1948
12
1313
825
992
230
706
444
1957
1631
1874
1857
297
691
1600
560
1578
1331
68
1393
577
1894
383
814
1914
1880
893
501
443
487
542
1588
72
183
1534
1664
1662
1028
1961
920
837
1496
1386
532
56
167
82
1146
1292
785
603
1591
1245
1600
1080
1485
1824
290
1015
1246
648
1394
359
876
120
1771
1795
252
862
1174
1950
1595
645
1073
1300
1870
1608
1281
1113
524
413
662
467
1925
1165
1198
239
1529
1452
829
780
843
1092
646
1572
1888
1846
393
1230
39
733
1713
1732
1165
1282
1102
1351
1398
220
1694
45
697
1254
1896
773
1064
608
1689
1196
450
1866
1229
328
1730
1917
1551
1792
807
1380
486
1819
1854
1443
38
555
1697
1645
591
1148
953
1161
1881
262
425
714
664
1426
838
1667
1491
1691
1807
1913
1885
1315
1290
390
281
1197
1981
595
429
1784
1616
262
619
1531
772
1096
1325
73
1919
1147
1109
1234
35
1429
1319
977
685
705
1584
1024
1442
450
73
817
61
331
1846
651
1052
526
1209
210
390
1093
1468
1298
1097
1796
1650
1495
1181
468
1079
630
872
1714
730
9
1495
1616
458
244
270
888
199
980
684
1642
818
512
1825
1865
86
1179
1250
88
1356
1772
1811
988
1049
186
1578
419
21
1389
1594
788
1200
1483
228
1426
389
1667
1000
518
1989
385
246
1744
1877
1469
895
918
482
1906
1455
1271
1120
1631
1890
1628
449
284
939
1807
1915
91
1497
142
145
803
761
1756
667
888
1915
1614
835
894
591
1383
890
771
1478
270
73
685
252
1808
1269
1857
128
883
1529
1014
946
1899
238
1439
1267
37
922
1137
800
1679
1805
1663
1381
192
1229
839
1387
653
339
1108
1888
279
387
1813
280
763
1068
1664
769
73
609
926
