137
31
145
200
85
4
154
20
180
4
85
94
183
184
176
102
112
27
65
196
165
177
105
12
28
100
104
171
171
5
96
34
139
17
18
31
157
149
149
178
15
132
149
40
99
149
180
17
114
59
67
121
42
62
26
2
62
99
111
113
106
82
53
83
153
12
156
196
24
13
162
55
82
0
126
3
165
87
191
27
101
167
116
165
185
10
149
52
43
73
35
40
122
135
8
136
137
17
190
3
77
8
83
198
122
21
118
1
183
98
1
114
52
19
85
195
188
118
181
94
117
115
86
4
190
162
81
14
165
130
67
195
177
177
42
137
21
187
149
87
21
144
41
196
112
100
66
6
177
33
192
63
143
10
59
192
30
149
184
7
102
183
61
165
98
194
153
35
63
195
3
166
2
171
100
152
100
93
163
13
125
141
46
167
45
104
174
130
49
98
174
26
2
104
126
10
188
151
90
44
